Weights from input to hidden layer:
[[-0.17342274 -1.12248165  1.10725669  1.23768534 -1.81005724 -0.13667911
  -0.29189928  0.03514506  0.31451069  0.83639129]
 [ 0.25016023  0.09313216  0.54590407  0.09979138  1.12397304  0.03397139
   0.84009489 -0.93722779  0.43894342 -1.22912814]
 [ 0.75465698  1.08226148  0.59326998 -0.14245222  0.22148633  0.29993294
  -0.25566564 -2.01423917  1.01458215 -2.12113298]]
Biases for hidden layer:
[-0.01602847 -0.00074308 -0.00092456  0.02303619  0.02906014 -0.00012921
  0.01757503 -0.01516046 -0.02659884 -0.01689174]
Weights from hidden to output layer:
[[-0.74233262]
 [-0.26412909]
 [ 0.05794927]
 [-1.82775148]
 [-2.26277479]
 [-0.00998518]
 [ 0.85047352]
 [-1.15499328]
 [-1.57768768]
 [-0.81317617]]
Biases for output layer:
[0.02043236]